{
 "cells": [
  {
   "cell_type": "code",
   "execution_count": 4,
   "id": "eb3d5aa2",
   "metadata": {},
   "outputs": [],
   "source": [
    "import seaborn as sns "
   ]
  },
  {
   "cell_type": "code",
   "execution_count": 7,
   "id": "06db8b50",
   "metadata": {},
   "outputs": [
    {
     "data": {
      "text/html": [
       "<div>\n",
       "<style scoped>\n",
       "    .dataframe tbody tr th:only-of-type {\n",
       "        vertical-align: middle;\n",
       "    }\n",
       "\n",
       "    .dataframe tbody tr th {\n",
       "        vertical-align: top;\n",
       "    }\n",
       "\n",
       "    .dataframe thead th {\n",
       "        text-align: right;\n",
       "    }\n",
       "</style>\n",
       "<table border=\"1\" class=\"dataframe\">\n",
       "  <thead>\n",
       "    <tr style=\"text-align: right;\">\n",
       "      <th></th>\n",
       "      <th>method</th>\n",
       "      <th>number</th>\n",
       "      <th>orbital_period</th>\n",
       "      <th>mass</th>\n",
       "      <th>distance</th>\n",
       "      <th>year</th>\n",
       "    </tr>\n",
       "  </thead>\n",
       "  <tbody>\n",
       "    <tr>\n",
       "      <th>0</th>\n",
       "      <td>Radial Velocity</td>\n",
       "      <td>1</td>\n",
       "      <td>269.300</td>\n",
       "      <td>7.10</td>\n",
       "      <td>77.40</td>\n",
       "      <td>2006</td>\n",
       "    </tr>\n",
       "    <tr>\n",
       "      <th>1</th>\n",
       "      <td>Radial Velocity</td>\n",
       "      <td>1</td>\n",
       "      <td>874.774</td>\n",
       "      <td>2.21</td>\n",
       "      <td>56.95</td>\n",
       "      <td>2008</td>\n",
       "    </tr>\n",
       "    <tr>\n",
       "      <th>2</th>\n",
       "      <td>Radial Velocity</td>\n",
       "      <td>1</td>\n",
       "      <td>763.000</td>\n",
       "      <td>2.60</td>\n",
       "      <td>19.84</td>\n",
       "      <td>2011</td>\n",
       "    </tr>\n",
       "    <tr>\n",
       "      <th>3</th>\n",
       "      <td>Radial Velocity</td>\n",
       "      <td>1</td>\n",
       "      <td>326.030</td>\n",
       "      <td>19.40</td>\n",
       "      <td>110.62</td>\n",
       "      <td>2007</td>\n",
       "    </tr>\n",
       "    <tr>\n",
       "      <th>4</th>\n",
       "      <td>Radial Velocity</td>\n",
       "      <td>1</td>\n",
       "      <td>516.220</td>\n",
       "      <td>10.50</td>\n",
       "      <td>119.47</td>\n",
       "      <td>2009</td>\n",
       "    </tr>\n",
       "  </tbody>\n",
       "</table>\n",
       "</div>"
      ],
      "text/plain": [
       "            method  number  orbital_period   mass  distance  year\n",
       "0  Radial Velocity       1         269.300   7.10     77.40  2006\n",
       "1  Radial Velocity       1         874.774   2.21     56.95  2008\n",
       "2  Radial Velocity       1         763.000   2.60     19.84  2011\n",
       "3  Radial Velocity       1         326.030  19.40    110.62  2007\n",
       "4  Radial Velocity       1         516.220  10.50    119.47  2009"
      ]
     },
     "execution_count": 7,
     "metadata": {},
     "output_type": "execute_result"
    }
   ],
   "source": [
    "df = sns.load_dataset('planets')\n",
    "df.head()"
   ]
  },
  {
   "cell_type": "code",
   "execution_count": 8,
   "id": "4fc62915",
   "metadata": {},
   "outputs": [
    {
     "data": {
      "text/html": [
       "<div>\n",
       "<style scoped>\n",
       "    .dataframe tbody tr th:only-of-type {\n",
       "        vertical-align: middle;\n",
       "    }\n",
       "\n",
       "    .dataframe tbody tr th {\n",
       "        vertical-align: top;\n",
       "    }\n",
       "\n",
       "    .dataframe thead th {\n",
       "        text-align: right;\n",
       "    }\n",
       "</style>\n",
       "<table border=\"1\" class=\"dataframe\">\n",
       "  <thead>\n",
       "    <tr style=\"text-align: right;\">\n",
       "      <th></th>\n",
       "      <th>number</th>\n",
       "      <th>orbital_period</th>\n",
       "      <th>mass</th>\n",
       "      <th>distance</th>\n",
       "      <th>year</th>\n",
       "    </tr>\n",
       "  </thead>\n",
       "  <tbody>\n",
       "    <tr>\n",
       "      <th>number</th>\n",
       "      <td>1.540022</td>\n",
       "      <td>-4.109673e+02</td>\n",
       "      <td>-1.073362</td>\n",
       "      <td>-31.780638</td>\n",
       "      <td>0.728876</td>\n",
       "    </tr>\n",
       "    <tr>\n",
       "      <th>orbital_period</th>\n",
       "      <td>-410.967320</td>\n",
       "      <td>6.767661e+08</td>\n",
       "      <td>1005.472594</td>\n",
       "      <td>-255305.071038</td>\n",
       "      <td>-3367.807803</td>\n",
       "    </tr>\n",
       "    <tr>\n",
       "      <th>mass</th>\n",
       "      <td>-1.073362</td>\n",
       "      <td>1.005473e+03</td>\n",
       "      <td>14.581833</td>\n",
       "      <td>46.439431</td>\n",
       "      <td>-1.963811</td>\n",
       "    </tr>\n",
       "    <tr>\n",
       "      <th>distance</th>\n",
       "      <td>-31.780638</td>\n",
       "      <td>-2.553051e+05</td>\n",
       "      <td>46.439431</td>\n",
       "      <td>537459.792221</td>\n",
       "      <td>517.198294</td>\n",
       "    </tr>\n",
       "    <tr>\n",
       "      <th>year</th>\n",
       "      <td>0.728876</td>\n",
       "      <td>-3.367808e+03</td>\n",
       "      <td>-1.963811</td>\n",
       "      <td>517.198294</td>\n",
       "      <td>15.781287</td>\n",
       "    </tr>\n",
       "  </tbody>\n",
       "</table>\n",
       "</div>"
      ],
      "text/plain": [
       "                    number  orbital_period         mass       distance  \\\n",
       "number            1.540022   -4.109673e+02    -1.073362     -31.780638   \n",
       "orbital_period -410.967320    6.767661e+08  1005.472594 -255305.071038   \n",
       "mass             -1.073362    1.005473e+03    14.581833      46.439431   \n",
       "distance        -31.780638   -2.553051e+05    46.439431  537459.792221   \n",
       "year              0.728876   -3.367808e+03    -1.963811     517.198294   \n",
       "\n",
       "                       year  \n",
       "number             0.728876  \n",
       "orbital_period -3367.807803  \n",
       "mass              -1.963811  \n",
       "distance         517.198294  \n",
       "year              15.781287  "
      ]
     },
     "execution_count": 8,
     "metadata": {},
     "output_type": "execute_result"
    }
   ],
   "source": [
    "df.cov()"
   ]
  },
  {
   "cell_type": "code",
   "execution_count": 9,
   "id": "4decdb3b",
   "metadata": {},
   "outputs": [
    {
     "data": {
      "text/html": [
       "<div>\n",
       "<style scoped>\n",
       "    .dataframe tbody tr th:only-of-type {\n",
       "        vertical-align: middle;\n",
       "    }\n",
       "\n",
       "    .dataframe tbody tr th {\n",
       "        vertical-align: top;\n",
       "    }\n",
       "\n",
       "    .dataframe thead th {\n",
       "        text-align: right;\n",
       "    }\n",
       "</style>\n",
       "<table border=\"1\" class=\"dataframe\">\n",
       "  <thead>\n",
       "    <tr style=\"text-align: right;\">\n",
       "      <th></th>\n",
       "      <th>number</th>\n",
       "      <th>orbital_period</th>\n",
       "      <th>mass</th>\n",
       "      <th>distance</th>\n",
       "      <th>year</th>\n",
       "    </tr>\n",
       "  </thead>\n",
       "  <tbody>\n",
       "    <tr>\n",
       "      <th>number</th>\n",
       "      <td>1.000000</td>\n",
       "      <td>-0.012570</td>\n",
       "      <td>-0.241429</td>\n",
       "      <td>-0.033638</td>\n",
       "      <td>0.147849</td>\n",
       "    </tr>\n",
       "    <tr>\n",
       "      <th>orbital_period</th>\n",
       "      <td>-0.012570</td>\n",
       "      <td>1.000000</td>\n",
       "      <td>0.173725</td>\n",
       "      <td>-0.034365</td>\n",
       "      <td>-0.032333</td>\n",
       "    </tr>\n",
       "    <tr>\n",
       "      <th>mass</th>\n",
       "      <td>-0.241429</td>\n",
       "      <td>0.173725</td>\n",
       "      <td>1.000000</td>\n",
       "      <td>0.274082</td>\n",
       "      <td>-0.123787</td>\n",
       "    </tr>\n",
       "    <tr>\n",
       "      <th>distance</th>\n",
       "      <td>-0.033638</td>\n",
       "      <td>-0.034365</td>\n",
       "      <td>0.274082</td>\n",
       "      <td>1.000000</td>\n",
       "      <td>0.178922</td>\n",
       "    </tr>\n",
       "    <tr>\n",
       "      <th>year</th>\n",
       "      <td>0.147849</td>\n",
       "      <td>-0.032333</td>\n",
       "      <td>-0.123787</td>\n",
       "      <td>0.178922</td>\n",
       "      <td>1.000000</td>\n",
       "    </tr>\n",
       "  </tbody>\n",
       "</table>\n",
       "</div>"
      ],
      "text/plain": [
       "                  number  orbital_period      mass  distance      year\n",
       "number          1.000000       -0.012570 -0.241429 -0.033638  0.147849\n",
       "orbital_period -0.012570        1.000000  0.173725 -0.034365 -0.032333\n",
       "mass           -0.241429        0.173725  1.000000  0.274082 -0.123787\n",
       "distance       -0.033638       -0.034365  0.274082  1.000000  0.178922\n",
       "year            0.147849       -0.032333 -0.123787  0.178922  1.000000"
      ]
     },
     "execution_count": 9,
     "metadata": {},
     "output_type": "execute_result"
    }
   ],
   "source": [
    "df.corr()"
   ]
  },
  {
   "cell_type": "code",
   "execution_count": 10,
   "id": "70f5909e",
   "metadata": {},
   "outputs": [
    {
     "data": {
      "text/html": [
       "<div>\n",
       "<style scoped>\n",
       "    .dataframe tbody tr th:only-of-type {\n",
       "        vertical-align: middle;\n",
       "    }\n",
       "\n",
       "    .dataframe tbody tr th {\n",
       "        vertical-align: top;\n",
       "    }\n",
       "\n",
       "    .dataframe thead th {\n",
       "        text-align: right;\n",
       "    }\n",
       "</style>\n",
       "<table border=\"1\" class=\"dataframe\">\n",
       "  <thead>\n",
       "    <tr style=\"text-align: right;\">\n",
       "      <th></th>\n",
       "      <th>number</th>\n",
       "      <th>orbital_period</th>\n",
       "      <th>mass</th>\n",
       "      <th>distance</th>\n",
       "      <th>year</th>\n",
       "    </tr>\n",
       "  </thead>\n",
       "  <tbody>\n",
       "    <tr>\n",
       "      <th>number</th>\n",
       "      <td>1.000000</td>\n",
       "      <td>-0.012570</td>\n",
       "      <td>-0.241429</td>\n",
       "      <td>-0.033638</td>\n",
       "      <td>0.147849</td>\n",
       "    </tr>\n",
       "    <tr>\n",
       "      <th>orbital_period</th>\n",
       "      <td>-0.012570</td>\n",
       "      <td>1.000000</td>\n",
       "      <td>0.173725</td>\n",
       "      <td>-0.034365</td>\n",
       "      <td>-0.032333</td>\n",
       "    </tr>\n",
       "    <tr>\n",
       "      <th>mass</th>\n",
       "      <td>-0.241429</td>\n",
       "      <td>0.173725</td>\n",
       "      <td>1.000000</td>\n",
       "      <td>0.274082</td>\n",
       "      <td>-0.123787</td>\n",
       "    </tr>\n",
       "    <tr>\n",
       "      <th>distance</th>\n",
       "      <td>-0.033638</td>\n",
       "      <td>-0.034365</td>\n",
       "      <td>0.274082</td>\n",
       "      <td>1.000000</td>\n",
       "      <td>0.178922</td>\n",
       "    </tr>\n",
       "    <tr>\n",
       "      <th>year</th>\n",
       "      <td>0.147849</td>\n",
       "      <td>-0.032333</td>\n",
       "      <td>-0.123787</td>\n",
       "      <td>0.178922</td>\n",
       "      <td>1.000000</td>\n",
       "    </tr>\n",
       "  </tbody>\n",
       "</table>\n",
       "</div>"
      ],
      "text/plain": [
       "                  number  orbital_period      mass  distance      year\n",
       "number          1.000000       -0.012570 -0.241429 -0.033638  0.147849\n",
       "orbital_period -0.012570        1.000000  0.173725 -0.034365 -0.032333\n",
       "mass           -0.241429        0.173725  1.000000  0.274082 -0.123787\n",
       "distance       -0.033638       -0.034365  0.274082  1.000000  0.178922\n",
       "year            0.147849       -0.032333 -0.123787  0.178922  1.000000"
      ]
     },
     "execution_count": 10,
     "metadata": {},
     "output_type": "execute_result"
    }
   ],
   "source": [
    "df.corr(method = 'pearson')"
   ]
  },
  {
   "cell_type": "code",
   "execution_count": 11,
   "id": "a1556907",
   "metadata": {},
   "outputs": [
    {
     "data": {
      "text/html": [
       "<div>\n",
       "<style scoped>\n",
       "    .dataframe tbody tr th:only-of-type {\n",
       "        vertical-align: middle;\n",
       "    }\n",
       "\n",
       "    .dataframe tbody tr th {\n",
       "        vertical-align: top;\n",
       "    }\n",
       "\n",
       "    .dataframe thead th {\n",
       "        text-align: right;\n",
       "    }\n",
       "</style>\n",
       "<table border=\"1\" class=\"dataframe\">\n",
       "  <thead>\n",
       "    <tr style=\"text-align: right;\">\n",
       "      <th></th>\n",
       "      <th>number</th>\n",
       "      <th>orbital_period</th>\n",
       "      <th>mass</th>\n",
       "      <th>distance</th>\n",
       "      <th>year</th>\n",
       "    </tr>\n",
       "  </thead>\n",
       "  <tbody>\n",
       "    <tr>\n",
       "      <th>number</th>\n",
       "      <td>1.000000</td>\n",
       "      <td>0.036842</td>\n",
       "      <td>-0.401909</td>\n",
       "      <td>-0.209278</td>\n",
       "      <td>0.247716</td>\n",
       "    </tr>\n",
       "    <tr>\n",
       "      <th>orbital_period</th>\n",
       "      <td>0.036842</td>\n",
       "      <td>1.000000</td>\n",
       "      <td>0.542234</td>\n",
       "      <td>-0.373384</td>\n",
       "      <td>-0.223256</td>\n",
       "    </tr>\n",
       "    <tr>\n",
       "      <th>mass</th>\n",
       "      <td>-0.401909</td>\n",
       "      <td>0.542234</td>\n",
       "      <td>1.000000</td>\n",
       "      <td>0.467621</td>\n",
       "      <td>-0.265991</td>\n",
       "    </tr>\n",
       "    <tr>\n",
       "      <th>distance</th>\n",
       "      <td>-0.209278</td>\n",
       "      <td>-0.373384</td>\n",
       "      <td>0.467621</td>\n",
       "      <td>1.000000</td>\n",
       "      <td>0.370235</td>\n",
       "    </tr>\n",
       "    <tr>\n",
       "      <th>year</th>\n",
       "      <td>0.247716</td>\n",
       "      <td>-0.223256</td>\n",
       "      <td>-0.265991</td>\n",
       "      <td>0.370235</td>\n",
       "      <td>1.000000</td>\n",
       "    </tr>\n",
       "  </tbody>\n",
       "</table>\n",
       "</div>"
      ],
      "text/plain": [
       "                  number  orbital_period      mass  distance      year\n",
       "number          1.000000        0.036842 -0.401909 -0.209278  0.247716\n",
       "orbital_period  0.036842        1.000000  0.542234 -0.373384 -0.223256\n",
       "mass           -0.401909        0.542234  1.000000  0.467621 -0.265991\n",
       "distance       -0.209278       -0.373384  0.467621  1.000000  0.370235\n",
       "year            0.247716       -0.223256 -0.265991  0.370235  1.000000"
      ]
     },
     "execution_count": 11,
     "metadata": {},
     "output_type": "execute_result"
    }
   ],
   "source": [
    "df.corr(method = 'spearman')"
   ]
  },
  {
   "cell_type": "code",
   "execution_count": null,
   "id": "7466d44b",
   "metadata": {},
   "outputs": [],
   "source": []
  }
 ],
 "metadata": {
  "kernelspec": {
   "display_name": "Python 3",
   "language": "python",
   "name": "python3"
  },
  "language_info": {
   "codemirror_mode": {
    "name": "ipython",
    "version": 3
   },
   "file_extension": ".py",
   "mimetype": "text/x-python",
   "name": "python",
   "nbconvert_exporter": "python",
   "pygments_lexer": "ipython3",
   "version": "3.8.8"
  }
 },
 "nbformat": 4,
 "nbformat_minor": 5
}
